{'seed': 12421, 'learning_rate': 0.001, 'num_hidden': 128, 'num_proj_hidden': 128, 'activation': 'relu', 'base_model': 'GCNConv', 'num_layers': 2, 'drop_edge_rate_1': 0.2, 'drop_edge_rate_2': 0.4, 'drop_feature_rate_1': 0.3, 'drop_feature_rate_2': 0.4, 'tau': 0.4, 'weight_decay': 0.0001, 'patience': 20, 'lower': 0.3, 'upper': 0.9, 'node_lower': 0.2, 'node_upper': 0.8}
Epoch=570, Early stopping!
Epoch=550 F1Mi={'mean': 0.7982206405693951, 'std': 0.0058583906167808675} F1Ma={'mean': 0.7690466618636241, 'std': 0.008086785090947058}
